# Created by Octave 4.4.1, Mon Mar 25 01:24:17 2019 -03 <bruno@bruno-linux>
# name: a
# type: matrix
# rows: 1
# columns: 300
 0.39856935485591527 0.94076970404352001 -0.35780583605747118 -0.47673577812105444 0.092999859061899823 -0.70015437634561506 0.18362783843406361 -0.18737370717596388 -1.1287297199925632 -0.44108609219155004 -0.17590842111691388 -0.76671740041054226 0.068512655514223378 0.19484575738774759 -0.031317420254559684 -0.23023461119695704 -0.60807265588123116 0.17527122472248688 1.1065797573173968 0.77775027158925247 -0.39840701349258223 -1.2496873863960094 -0.705932757490361 0.39254446988180514 -0.54713449524448377 -0.5449026539878824 0.93596949405958874 -0.9375286345839875 0.84393974998564947 2.3089561306584927 1.5372500386671526 0.333653197276507 1.1152822551876485 0.29693885357579863 1.1656746625565044 -0.21636490676093376 0.62164509318123173 1.7780614879169891 1.1862564526824357 -0.60233849635400827 -1.3627836638383035 0.3985145831276532 1.143296411395236 0.40986359365552022 0.20825547499202643 -0.11595806749771397 -0.65314172322742292 0.2059596354629997 -1.3105388434808989 -0.13765046425744909 -1.1479253384105126 0.29516590464668779 1.9802876445392474 -0.26476811224556596 0.32331626606817182 -2.224237629703059 -0.41467762583750428 -0.12765271859989 0.52016424397764238 -0.30629470061404296 -0.63871679674113158 -0.52169270018055325 1.2505405065478206 -0.2200238562547924 0.39769286602577131 1.1662154695372795 0.25933784006411909 1.4060154463015027 -1.5244151373513568 -0.82231481356430247 -1.7220990625054624 0.54471262468311266 -1.1072880683036297 -0.20974869393410672 1.1838430658169532 -0.44967760950444507 -1.444543150830967 -1.7854567452823662 1.2303492095012369 -0.18307898141213544 -0.20741224107528011 -2.1021213275274269 -0.59928961476347031 1.8902346124689893 0.30431024296182524 -0.80374301038005891 -0.51060993329453197 -0.22243642964795932 1.1594326609576551 -1.9951200671268337 1.3087945786914983 1.2712179478424839 1.2465267211727322 -0.99370561734232921 0.68461428620315012 -0.22744852189435802 2.3716875742063328 0.50302416910141168 0.11420875857008986 -1.5174656860486628 -2.8732163793978729 -1.5149305468731211 1.291078047614171 0.30064487063235146 -0.34892688188299403 -0.38415989035553921 -0.4849741918039257 -0.85095063982298502 0.35123101489969399 -0.26071574883644194 -0.34963362355067135 -0.59478325479792149 0.61612901924053443 -0.98961445865819353 -2.0470335141651064 0.26198518690443351 -0.74609432832113576 -1.2882149760056707 -0.17825234788845887 0.52781256333696325 -0.40341265634882312 1.5376763108430098 0.68181965441220105 -0.94706411054012862 0.71160538656373662 1.1410060786140794 -0.37944091205706709 1.3497435162960589 -1.1082895299640618 -1.4689023050595447 -0.013880934402912389 -1.2260745069903798 -1.1046805371830293 -1.147083369823918 0.050797122812132084 0.56113518421743647 0.47435020458781035 -0.33615092673857938 0.61764730138361013 1.9826338638345182 1.0398883544087276 0.36084423736824245 -0.90462242551828131 -0.51160275538985445 0.023603046850126177 -1.0874416633777906 -0.26405780453261163 -0.70049041436284554 0.33969188811912299 2.7273762871742337 0.32762844068905522 -0.57952872701217617 -0.14020376525629896 0.11664541100011459 -0.68411544101779631 1.3352117137296284 -0.10975020358180228 0.22368517062366805 1.0015249373878701 0.67820895318391528 0.26602718320148566 -1.1734125390088661 -2.096274195894857 -0.45541369507502055 -0.072281433647989252 -0.35376100642185115 0.32927046023076656 -1.1408911624880071 -0.40710022563328746 -0.87484208692253862 -0.60719106875036133 0.83232240845883843 0.39839741601101542 0.61307000665781985 0.13414125699979071 0.40625156235105647 -0.38370529008819348 0.041308536091869109 0.91303365907494438 0.30126127257828189 -0.24953892379900799 1.7208745932995306 -1.0010980727589369 -1.0241243576671071 -1.3139881868936909 -0.94304224746248111 -0.24235394199537327 -0.42295891528362656 -0.30551185033282363 -1.1586658922634643 0.23591842805299559 0.5805993117155176 -0.15179511934575504 -0.53253522395318198 -1.2133258910197924 0.33591049362179498 0.0098007214277625824 -0.44295264343985707 0.76233701307207635 0.26587044811340987 1.3896975585046114 -1.5736612594011323 -0.44366801697521291 0.05279724544138998 -0.3109804238777728 -2.2588744306957218 -0.86059158974539784 -1.6126616769321898 0.94971046333302711 0.79879593016967665 0.38287938403257149 1.8233039358080942 2.3640287482838334 0.1712821628096623 1.021564256158968 -1.0318057560370038 0.52684908698639854 -1.0434675144708272 -0.9930465804064339 -1.0423696657926331 -0.19262392439662659 0.89910420864859919 -1.2991625312232138 0.64895845500439342 0.22471526545371898 0.27025136570777991 -0.88703099558449705 -1.9150822234156464 1.0991681798978328 1.0872723463124596 -0.65382593849274406 -0.86353589869001357 0.10801620041014294 2.0181416059901629 0.066723747372776532 -0.096806031807192258 0.87660110219180576 -0.50035623062008217 -0.47034828876034096 2.9290734064365509 0.95517364515507241 -0.60387684981134793 0.47971987983269443 -0.90658595100634676 0.29965628244602638 -0.18535075623371289 1.982098919290247 0.84807895231056563 1.5829457114859484 -0.86874864989951028 -0.22915748860581292 2.4613134187952368 0.99719407019397122 0.72233891514870929 1.2239758093691251 -0.47282476568558746 0.94687997777653621 -0.6048479974169092 0.15275489459001623 -1.4397215929517191 -0.78219953089515537 -0.29612819616509556 0.35171149122999024 0.057042944984914787 0.066283370257395016 0.20118498542142246 -1.3337893428363361 0.33065832353083047 0.47391996561390898 0.84739059059886135 0.071286679146391599 -2.1370100080740957 -1.2100068031868452 0.45090127191179424 -1.8176318484240119 0.34906898845049522 2.1028073796504212 -1.639112316546407 -1.0795258444852938 1.0027297067388061 -0.1271626147209301 -0.00050570804926715687 -0.70281975184189638 -0.17856804947433486 -0.41637208201042475 2.027613979529328 0.28818503995368483 -0.41449163065730082 0.079934019591320613 0.14097326727578482 -0.49473825317429027 -1.5832288062603304 0.25187698090006982 0.33187068633959904 -0.00068125907745433584 0.91390325236332082 0.26886397900485759 -0.50526072399238087 0.89332877418084644 -0.27733519809842028


